%YAML:1.0
label:
  background: 0
  human: 1
  building: 2
  animal: 3
  vegetation: 4
  artefak: 5
  decoration: 6
background:
  val: [0, 0, 0]
human:
  val1: [31, 28, 128]
  val2: [31, 29, 154]
  val3: [38, 32, 187]    
  val4: [38, 38, 222]
  val5: [68, 67, 239]
  val6: [112, 111, 242]    
  val7: [60, 28, 159]
  val8: [63, 31, 190]
  val9: [73, 30, 227]    
  val10: [95, 62, 239]
  val11: [134, 112, 242]
  val12: [176, 163, 246]    
  val13: [96, 31, 192]
  val14: [121, 36, 221]
  val15: [153, 72, 235]    
  val16: [172, 115, 238]
  val17: [203, 169, 244]
  val18: [226, 207, 249]        
building: 
  val1: [133, 45, 87]
  val2: [157, 73, 113]
  val3: [163, 84, 122]    
  val4: [169, 96, 133]
  val5: [190, 135, 166]
  val6: [214, 180, 204]      
animal:
  val1: [112, 74, 13]
  val2: [163, 106, 19]
  val3: [199, 132, 25]    
  val4: [220, 163, 41]
  val5: [236, 188, 72]
  val6: [246, 210, 129]    
  val7: [74, 78, 21]
  val8: [90, 94, 19]
  val9: [110, 118, 16]    
  val10: [138, 149, 25]
  val11: [167, 184, 12]
  val12: [197, 204, 123] 
vegetation:
  val1: [39, 84, 57]
  val2: [58, 126, 77]
  val3: [68, 165, 99]    
  val4: [64, 196, 134]
  val5: [60, 206, 167]
  val6: [101, 218, 191]  
artefak:
  val1: [39, 85, 181]
  val2: [40, 121, 216]
  val3: [28, 158, 246]    
  val4: [31, 191, 249]
  val5: [76, 211, 250]
  val6: [137, 231, 250]    
  val7: [39, 67, 196]
  val8: [36, 89, 234]
  val9: [33, 115, 244]    
  val10: [63, 145, 247]
  val11: [116, 186, 252]
  val12: [171, 216, 254] 
decoration:
  val1: [46, 51, 6]
  val2: [72, 79, 17]
  val3: [119, 134, 17]    
  val4: [161, 179, 19]
  val5: [194, 201, 110]
  val6: [221, 226, 187]    